.Random.seed <-
c(403L, 10L, 204864522L, 145916277L, -723912497L, -1479664682L, 
1335694208L, 2024654787L, -1446153887L, -1122928688L, 1666416430L, 
69780185L, 1183629547L, 1875030362L, -1989764324L, 879603231L, 
-1589225867L, 1648894732L, -15171870L, 594613181L, -531053513L, 
1070892766L, -487206376L, 2104597883L, 2029966617L, 196499880L, 
1795493206L, 1959316945L, -1313847933L, -1564673006L, 1659303844L, 
2119552871L, -1899008835L, -253457356L, -1314832486L, -93889563L, 
-1633806465L, 626681606L, -1742524272L, 590956851L, 947920593L, 
1262800000L, 1368710494L, 528380585L, -1172767397L, 1542963050L, 
963802636L, 318946895L, -1941744891L, 1305166780L, -1101187438L, 
-1628449395L, -1784322617L, -107784530L, 1359888136L, -1995498229L, 
-92185623L, -499000136L, -809968794L, -603303935L, -346440045L, 
-634199742L, -1346760972L, -1416201481L, -1735111955L, 1348748676L, 
1264446378L, 1425649941L, 2020178863L, 1435886518L, -288515616L, 
178452771L, -1884828095L, -764026576L, -1916783794L, -1489569351L, 
-556612661L, -1417824134L, -1051891332L, -1019848257L, -2044029291L, 
427723948L, -569903486L, 2145508957L, 2143158615L, 823954494L, 
-2083372936L, 1166797659L, -335694151L, 1441663752L, -2140929610L, 
-734331151L, 834877731L, -873067662L, 1308205508L, 384858503L, 
-58203299L, -506434220L, 1508753274L, 1719201477L, 1588977695L, 
-81885274L, 13195568L, -325250093L, 1627875825L, -305909984L, 
1111321022L, -798639671L, 1626119547L, -271406262L, -936830036L, 
-611106129L, 438788197L, -1246392292L, -591610254L, 769614061L, 
1839051047L, -1881129650L, -777122392L, 922778027L, 1567527625L, 
-451169576L, 1398701958L, -386870687L, 1163553779L, 708091490L, 
-544315180L, -1315622441L, 395228109L, 1874663268L, -427859126L, 
-712916299L, -687943153L, -524324074L, 163143104L, 397729155L, 
88019873L, -400028784L, 1829918830L, -1909375463L, 693919403L, 
1987887770L, -1781457316L, 525835103L, -2042202827L, 5932236L, 
762277410L, -2103246723L, -572614281L, -1692567906L, -996846248L, 
-1238166341L, -1028109735L, -1419030040L, 360956950L, 1872351121L, 
-717393853L, 1756542802L, -972637212L, 1336386087L, -305415555L, 
283624308L, -819978406L, -1920591451L, -1412000321L, -759773626L, 
100787408L, -1942970637L, 1100662801L, 392457792L, 1406747166L, 
1300679913L, -583272933L, 1357923882L, 347167052L, 1450156815L, 
-1999235515L, 765284348L, -1996294574L, 1892256717L, 96707975L, 
-1613619090L, -856827832L, -886801845L, -158287959L, -1226664200L, 
-531668442L, -1675117759L, 692068563L, 2123924610L, -1762073932L, 
1390466615L, -1108837075L, -504777148L, 1039838058L, -509552683L, 
-834449041L, 282000502L, 1463326624L, -581693341L, -1394199295L, 
-1864607632L, -1154194418L, 898176121L, 809960459L, -220484294L, 
595881020L, 1480133503L, 1631615189L, -1296376596L, -1243441598L, 
-1676113507L, 1558318103L, 342487422L, 585361208L, -405073893L, 
-1779834503L, -579352632L, 1628310518L, -1654112719L, 990877795L, 
315390002L, 1543869828L, 1702837191L, -1198068067L, 1542522388L, 
1525562554L, 1903364357L, 2001398495L, 1745568956L, -1370604L, 
-921044798L, 1812666464L, 1000576380L, -1471310640L, -820954078L, 
2139128488L, 79607692L, -937717316L, 1775014962L, -1721632960L, 
-1771784012L, -112522424L, -188613958L, -1250265328L, -124591892L, 
-932387756L, -1769566446L, -1574683744L, -1040166964L, -536999072L, 
369643714L, -189880792L, 896787884L, -1245233348L, -1343269006L, 
1119693616L, 741036580L, -1765246920L, -2081004326L, 764660112L, 
-20224260L, 997601172L, -19674302L, -1835556352L, -1462248900L, 
-192455088L, 1308981922L, -2129511608L, 1118192140L, -1769702180L, 
-1633473966L, -912217984L, 1732143956L, -138216984L, -374039814L, 
-1838266544L, -1590797268L, 1903248756L, -1549445486L, 344099424L, 
2145899148L, 1340164960L, -690801950L, 1830273192L, -354504500L, 
388446716L, -1507745870L, 1194878448L, -1453259324L, 448245592L, 
-1339475078L, -110930512L, 1673968060L, -1269770156L, 3124162L, 
-1255529696L, -701513796L, -53663152L, -702489118L, 732975464L, 
-1602749108L, 26630396L, -892882190L, 793872128L, -1065712012L, 
634075144L, -1026954822L, -156825648L, -550471188L, -1109581932L, 
1550660306L, -178831776L, -610708148L, -974863072L, -1840164222L, 
-1750959640L, -1773647892L, 1246930492L, 1303805554L, 925139824L, 
276424996L, -474648008L, -727412326L, 1529272784L, 621813180L, 
-1537918828L, 1459829890L, 1328125376L, 1497064252L, 945992848L, 
1940534050L, 697167368L, 806632716L, 276485532L, 171294226L, 
214739840L, -753368300L, 648761640L, 212970554L, 658267088L, 
-641748372L, -1006900684L, 184482450L, 2012765536L, -139781812L, 
-1492285472L, 297756066L, 1494060456L, 86640268L, 1871449532L, 
1052307058L, -913220624L, -559466940L, 1323534424L, 356104250L, 
-1299007376L, -1983764420L, 1852381460L, -397094206L, 1766706912L, 
1369995388L, -2065846576L, 1341860258L, 557260840L, 1545693964L, 
633835964L, 902738738L, -1440318784L, -1603009484L, -139835704L, 
-1558461254L, -959953264L, 879660780L, 605211220L, -1335696750L, 
738922784L, -745096756L, 1652576992L, -2093619006L, 1613493288L, 
1953023916L, -359853380L, -143217678L, -1657934288L, -1874528348L, 
-342270536L, -1206941862L, -343310192L, -1255779460L, 1098924308L, 
-319116990L, 826071296L, 1797983676L, 1469794640L, 1359837474L, 
-523787704L, 39331852L, -1785158052L, -1074447918L, -435524096L, 
458173780L, -1582875416L, -380487430L, -1888624944L, -2006779092L, 
-1579611916L, 1814651282L, 131302752L, -1394719732L, 1454071008L, 
-281324958L, 16217256L, -361462708L, 641462140L, 628975922L, 
-735731088L, -1580207292L, -551883816L, -1719698566L, 1182300208L, 
1459490748L, 1799666260L, -1760903102L, -2068592992L, 1578308284L, 
384082896L, -199887518L, 361627368L, -1265918772L, -106976772L, 
224382450L, 315063424L, 1009633780L, -549629304L, 1075198778L, 
1019536720L, -307559316L, 76832148L, 135800914L, -1458909728L, 
241419468L, 1991741088L, -384753278L, 1904554216L, 1444752108L, 
813260092L, 659376242L, -572083600L, 1752578596L, -1403434952L, 
-521303782L, -2073856816L, 2097834300L, -1211239532L, 1179064194L, 
-1972541414L, -300552488L, 76209985L, 1387233267L, -925416940L, 
-1764275294L, 1221997751L, 259808897L, -1335531898L, -1744224572L, 
-241975307L, -1199700385L, 429760696L, -190749290L, 385042339L, 
-1735595163L, 293104258L, -726046736L, 2109964697L, -1687941237L, 
338823804L, -102582102L, -1561863457L, -834221975L, -1954430338L, 
-509404564L, 964761277L, 1107315591L, -1553637520L, -1122425330L, 
207223611L, 1024870429L, 600453322L, 1491561448L, 126965969L, 
-790494013L, 699276228L, -231128974L, -1125510841L, -887800559L, 
-219846506L, -735973900L, 1605885829L, -1970430257L, -1284285496L, 
-1616094618L, 315163795L, -343774219L, 1966067154L, 963575328L, 
1676517385L, 382514491L, -1210828660L, 619042074L, 48405391L, 
2074993881L, 2022697838L, 1146309372L, 1312700525L, 1435538455L, 
118539744L, 1564479934L, 1574569867L, -2032187379L, -1909628870L, 
-73486216L, -1835484127L, -1105633581L, 481508852L, -1709662590L, 
1728715543L, 846404065L, 1843808038L, 257430052L, 203023573L, 
1620808831L, 1648113944L, 1640564790L, 431005379L, -1253977339L, 
725939874L, -963128176L, -682474439L, -994452245L, 1120312796L, 
-359521270L, 663917311L, -203322551L, 2132574430L, 1849835148L, 
-2063205795L, 514758759L, -343964272L, -1070201426L, 423837787L, 
396036157L, -1785753942L, -1158194360L, -453791887L, 1786804451L, 
-143425564L, 200218386L, -140965145L, 506481841L, -808763658L, 
293734676L, -952201691L, 2039358255L, 100099304L, 1954170310L, 
-1848458125L, 2077150933L, 1415615666L, -88516480L, -1547275159L, 
806764763L, 1615389740L, -1810695110L, -1913787665L, 1193039225L, 
-1992521202L, 19438556L, -327216051L, -818051145L, 1011710272L, 
1967325214L, -493902101L, -1190910355L, 1527484122L, 596651672L, 
2125722881L, 1844001459L, -999156268L, -1823718174L, -1541632649L, 
1622488257L, -1609938874L, 978769796L, -2099769035L, -305860833L, 
1586619000L, -357755050L, 1435244003L, -623694939L, -1093592510L, 
1591851056L, 1833958489L, 1176297931L, 1473040956L, 690633834L, 
